0.000000000000000000e+00 -1.776694853651363371e+00 4.190000000000000668e-02 4.190000000000000668e-02
1.000000000000000000e+00 -1.879816370834386019e+00 4.730000000000000177e-02 4.730000000000000177e-02
2.000000000000000000e+00 -1.107984946790070868e+00 2.129999999999999949e-02 2.129999999999999949e-02
3.000000000000000000e+00 2.455668332936555842e-01 4.589999999999999636e-02 4.589999999999999636e-02
4.000000000000000000e+00 1.520412181799045470e+00 8.569999999999999840e-02 8.569999999999999840e-02
5.000000000000000000e+00 2.007889973208108803e+00 1.290000000000000001e-02 1.290000000000000001e-02
6.000000000000000000e+00 1.643092807639181308e+00 2.609999999999999820e-02 2.609999999999999820e-02
7.000000000000000000e+00 5.394986584279657382e-01 6.099999999999999867e-02 6.099999999999999867e-02
8.000000000000000000e+00 -8.645408865897041828e-01 2.049999999999999739e-02 2.049999999999999739e-02
9.000000000000000000e+00 -1.774631873498909718e+00 5.769999999999999435e-02 5.769999999999999435e-02
1.000000000000000000e+01 -1.898448549326276824e+00 1.940000000000000058e-02 1.940000000000000058e-02
1.100000000000000000e+01 -1.040871085195276713e+00 6.049999999999999822e-02 6.049999999999999822e-02
1.200000000000000000e+01 2.594984097009837565e-01 2.639999999999999986e-02 2.639999999999999986e-02
1.300000000000000000e+01 1.474038080251751870e+00 1.609999999999999973e-02 1.609999999999999973e-02
1.400000000000000000e+01 2.073586690749209538e+00 7.649999999999999856e-02 7.649999999999999856e-02
1.500000000000000000e+01 1.612574225246980575e+00 1.560000000000000102e-02 1.560000000000000102e-02
1.600000000000000000e+01 4.559798282004952630e-01 1.020000000000000073e-02 1.020000000000000073e-02
1.700000000000000000e+01 -8.461717875506395981e-01 6.890000000000000291e-02 6.890000000000000291e-02
1.800000000000000000e+01 -1.830650843225613222e+00 1.490000000000000005e-02 1.490000000000000005e-02
1.900000000000000000e+01 -1.888238499804179016e+00 1.979999999999999816e-02 1.979999999999999816e-02
2.000000000000000000e+01 -9.848458360008698342e-01 8.830000000000000349e-02 8.830000000000000349e-02
2.100000000000000000e+01 2.765640828398844286e-01 1.009999999999999960e-02 1.009999999999999960e-02
2.200000000000000000e+01 1.546051779904894730e+00 6.529999999999999694e-02 6.529999999999999694e-02
2.300000000000000000e+01 2.050018777495835387e+00 5.139999999999999430e-02 5.139999999999999430e-02
2.400000000000000000e+01 1.639404134750636732e+00 6.289999999999999758e-02 6.289999999999999758e-02
2.500000000000000000e+01 4.634349638755931866e-01 5.049999999999999628e-02 5.049999999999999628e-02
2.600000000000000000e+01 -9.070439727969323851e-01 3.780000000000000027e-02 3.780000000000000027e-02
2.700000000000000000e+01 -1.801248025468736857e+00 5.700000000000000205e-02 5.700000000000000205e-02
2.800000000000000000e+01 -1.833388995836250146e+00 6.429999999999999605e-02 6.429999999999999605e-02
2.900000000000000000e+01 -9.656171792534691267e-01 7.900000000000000078e-02 7.900000000000000078e-02
