0.000000000000000000e+00 -1.399594853651363380e+00
1.000000000000000000e+00 -1.654116370834385785e+00
2.000000000000000000e+00 -1.316284946790070798e+00
3.000000000000000000e+00 5.866683329365546262e-02
4.000000000000000000e+00 1.491712181799045300e+00
5.000000000000000000e+00 1.123989973208108895e+00
6.000000000000000000e+00 6.779928076391811276e-01
7.000000000000000000e+00 -3.115013415720344625e-01
8.000000000000000000e+00 -2.280040886589704385e+00
9.000000000000000000e+00 -3.055331873498909889e+00
1.000000000000000000e+01 -3.723848549326277180e+00
1.100000000000000000e+01 -2.696371085195277129e+00
1.200000000000000000e+01 -1.902901590299016510e+00
1.300000000000000000e+01 -9.810619197482481901e-01
1.400000000000000000e+01 -3.791330925079050562e-02
1.500000000000000000e+01 -1.247025774753019567e+00
1.600000000000000000e+01 -2.652220171799505088e+00
1.700000000000000000e+01 -3.626071787550639414e+00
1.800000000000000000e+01 -5.296550843225612759e+00
1.900000000000000000e+01 -5.510038499804179146e+00
2.000000000000000000e+01 -4.190145836000869650e+00
2.100000000000000000e+01 -3.832535917160115879e+00
2.200000000000000000e+01 -2.266248220095105292e+00
2.300000000000000000e+01 -2.087381222504165024e+00
2.400000000000000000e+01 -2.594495865249363931e+00
2.500000000000000000e+01 -4.082065036124406632e+00
2.600000000000000000e+01 -5.766843972796932505e+00
2.700000000000000000e+01 -6.688248025468737090e+00
2.800000000000000000e+01 -6.854688995836251131e+00
2.900000000000000000e+01 -6.054617179253470205e+00
