0.000000000000000000e+00 -1.776694853651363371e+00
1.000000000000000000e+00 -1.879816370834386019e+00
2.000000000000000000e+00 -1.107984946790070868e+00
3.000000000000000000e+00 2.455668332936555842e-01
4.000000000000000000e+00 1.520412181799045470e+00
5.000000000000000000e+00 2.007889973208108803e+00
6.000000000000000000e+00 1.643092807639181308e+00
7.000000000000000000e+00 5.394986584279657382e-01
8.000000000000000000e+00 -8.645408865897041828e-01
9.000000000000000000e+00 -1.774631873498909718e+00
1.000000000000000000e+01 -1.898448549326276824e+00
1.100000000000000000e+01 -1.040871085195276713e+00
1.200000000000000000e+01 2.594984097009837565e-01
1.300000000000000000e+01 1.474038080251751870e+00
1.400000000000000000e+01 2.073586690749209538e+00
1.500000000000000000e+01 1.612574225246980575e+00
1.600000000000000000e+01 4.559798282004952630e-01
1.700000000000000000e+01 -8.461717875506395981e-01
1.800000000000000000e+01 -1.830650843225613222e+00
1.900000000000000000e+01 -1.888238499804179016e+00
2.000000000000000000e+01 -9.848458360008698342e-01
2.100000000000000000e+01 2.765640828398844286e-01
2.200000000000000000e+01 1.546051779904894730e+00
2.300000000000000000e+01 2.050018777495835387e+00
2.400000000000000000e+01 1.639404134750636732e+00
2.500000000000000000e+01 4.634349638755931866e-01
2.600000000000000000e+01 -9.070439727969323851e-01
2.700000000000000000e+01 -1.801248025468736857e+00
2.800000000000000000e+01 -1.833388995836250146e+00
2.900000000000000000e+01 -9.656171792534691267e-01
